12.9154434541439,77.64529103352773
12.973682538287127,77.68879765464737
12.938233136793487,77.5942225983045
12.88364498364665,77.60901877073654
12.949635025549247,77.5952225518821
12.893674797132293,77.70319983017677
12.909113086012082,77.66902503559481
12.941479111277495,77.62133122779228
12.897556156047148,77.57866996281405
12.973795471194862,77.66448872273644
12.89141608954762,77.66318692438631
12.88730646918744,77.74104779775544
12.923838417515956,77.6358565764983
12.889431562752195,77.61080017531563
12.920483639385953,77.64059591292425
12.893407859413802,77.62574748730897
12.939034121538313,77.71941873050112
12.975394791804638,77.70092272645735
12.977389430969643,77.5865773059739
12.88339010995757,77.72929460589218
12.880512267964003,77.7498044157002
12.883081112121678,77.68650681678463
12.917157224792028,77.71918297933621
12.944904189921838,77.5742799200257
12.921628636491345,77.59395442670835
12.944590480451346,77.67848017392939
12.948261647056361,77.67830151075674
12.901344587353524,77.60914982118975
12.959232966633374,77.67064159155593
12.907481264360351,77.65024532816075
12.979293500298478,77.72054421514822
12.916833031748233,77.57727710888919
12.909883073449924,77.61893742132403
12.958314819968985,77.68133034837197
12.954107276854396,77.72785628346311
12.892461732534787,77.72740620813188
12.965287925605544,77.7298107759682
12.955718549034824,77.6415188678927
12.94724990417685,77.63335897070777
12.968349935626268,77.70971369198152
12.987078067822406,77.57245163493562
12.972060116205407,77.62285306283135
12.880706140882538,77.66100737746409
12.989272797557469,77.57361800706367
12.98829870020235,77.7323858141704
12.88507686846318,77.6280250540105
12.91597179231435,77.64896700254151
12.933417189289944,77.61312314702882
12.98638276937076,77.59884854703981
12.950670083874025,77.74922699930167
12.982979305063697,77.67470937395194
12.887214588309437,77.70315026948694
12.921504421424483,77.74285747691259
12.925981761524845,77.69297770366579
12.898595676988089,77.6290126799201
12.888784982727197,77.64511088816701
12.941835917929689,77.61787875449645
12.922731655822908,77.57874298936562
12.886759986851581,77.69665481025467
12.967458217943214,77.62346028166561
12.929048717832735,77.65738446992867
12.9217946318444,77.63330806009549
12.885702144199152,77.68845181327917
12.954493691155058,77.70104973379486
12.901592126403685,77.57395494335462
12.97164348351483,77.70836141349548
12.96184102327373,77.65043097105128
12.924150194629899,77.64898267336493
12.893177307558902,77.66679634113345
12.89630915769152,77.67371873954056
12.988161638468002,77.74965538186987
12.919548997855111,77.61030335374868
12.90133090611817,77.73221760382269
12.947259451401811,77.62088067548979
12.885324665261226,77.59111310246071
12.95810782316455,77.7111339662147
12.955606606181766,77.74654843485281
12.920536351062763,77.59454389131913
12.911297125810801,77.74139767676657
12.926944894366391,77.71513710599376
12.976281570354358,77.57674410759185
12.899888594899751,77.68706329181846
12.88391717733284,77.72921544380439
12.903072851860209,77.74176064531441
12.985111589805426,77.57873002685189
12.944581716415433,77.62117952375864
12.925380641229609,77.67266384780969
12.88600407951417,77.63784519898213
12.968667782167975,77.63796267380941
12.951132626629526,77.70823134284755
12.908747882371022,77.61256352382675
12.948487704542138,77.73208833855246
12.963840971213882,77.74884875571873
12.897490313612861,77.66204510476709
12.926948280118829,77.59051339881222
12.963760563602007,77.62244241262171
12.885908559420335,77.69602156558226
12.900791347333273,77.61228548518706
12.986675061597667,77.73889629626018
12.973547544175679,77.68880874802228
12.978367617025809,77.61572453243046
12.929069167124357,77.664094075644
12.951936725213509,77.69400499433695
12.933554716278115,77.74685996471648
12.915071641904753,77.68900734496701
12.931137417111653,77.74305544277549
12.912574307118451,77.65910666108553
12.895564433810165,77.59231108422591
12.896584576943097,77.69942055813692
12.93953638505882,77.72075190098205
12.881920042613274,77.69945886906882
12.985365043592067,77.69828099124857
12.907138548006698,77.63745911388058
12.961862839437844,77.67791065247198
12.972284573538962,77.60390721816837
12.959782549890889,77.64095360817652
12.969679881235162,77.69142579472971
12.903105908984992,77.74600733617706
12.926774127127235,77.73119182115116
12.91538705253199,77.69368731767891
12.98522894334049,77.58997433467796
12.914433537277022,77.66287090829677
12.98828183172124,77.70425815861618
12.934219270124915,77.70870080461825
12.903231131436613,77.6137750998155
12.891655405855767,77.71556209142338
12.972288415209102,77.66545132108241
12.89962959013308,77.63517762469733
12.958041626539416,77.57414644699081
12.90195907969388,77.68584038038178
12.892820928442827,77.74221019007449
12.88604396145298,77.72593468377674
12.888820674739495,77.72087920343846
12.984396304434094,77.69197557544004
12.945513791732608,77.74149245643669
12.989951173117172,77.57316775764906
12.951311233491815,77.64844878143724
12.923048082307979,77.5927417407363
12.887830707282731,77.59746257491616
12.894122609739213,77.64149016265517
12.981580844196376,77.68097993970296
12.932988499923368,77.70603936554066
12.957064885329256,77.58714001930284
12.97754990072549,77.731200505633
12.94184322560971,77.60195152707864
12.964153653053394,77.67619696285847
12.892463074856547,77.64012612268651
12.977033971518718,77.66957666506936
12.963792019631446,77.58146391262285
12.987733863085792,77.65971277667127
12.97463494174588,77.73200201177062
12.894626880762452,77.6514457608711
12.90927486315031,77.73508147855941
12.939875859083429,77.60714783494585
12.88187150409943,77.58495915685675
12.925730768972985,77.64973679396775
12.918868769959609,77.71289092273959
12.907707518021299,77.621686289438
12.904248149537178,77.60828359453582
12.947448742136814,77.64910617507886
12.920763029529756,77.5884764641571
12.96414660463436,77.67497094860187
12.975004498443234,77.64195941297345
12.900012932093926,77.74905002691672
12.943268777945047,77.57685157194453
12.928771475190207,77.69849102806856
12.938503281446494,77.72750331213278
12.920875524702085,77.63342783539123
12.921257917614088,77.68345315157543
12.921778492101483,77.66966755276586
12.939764204512722,77.60305815037576
12.957331968389127,77.62233744336005
12.880965959923534,77.5994947422277
12.926449291644193,77.68058422981449
12.946623569093996,77.65332736110919
12.927612885280071,77.69012857534531
12.958244400663366,77.58786529510598
12.952245933298478,77.66585745572861
12.913427243021127,77.58073022380334
12.951366205041841,77.57711742793028
12.893607074654499,77.73282577701197
12.928438355726325,77.65411263005937
12.974643528774353,77.65064429603137
12.883754012187595,77.58065441730477
12.989145506781137,77.57865365707511
12.924912608296406,77.720452796586
12.972797305968818,77.74800009320727
12.92261122838222,77.5780252324272
12.960028129497195,77.59823381398785
12.967386928472614,77.62687262868602
12.89945454900405,77.61394780301346
12.915891858091387,77.72827883275097
12.914645055610507,77.70905294994915
12.988150388642072,77.5768527911705
12.947291385691228,77.68587770362528
12.885418697661224,77.65988231586229
12.939186388611526,77.60957320588169
12.960701584700258,77.62798259918023
12.889665585897438,77.60758752301366
12.946619842293433,77.58705666852404
12.891937119841645,77.6570810151257
12.935699078049094,77.71295964467026
12.982981240289178,77.6807050893302
12.899787634501386,77.7415457306656
12.962199159123863,77.70267983737978
12.95166099157522,77.6576569236282
12.966601186569934,77.60850480581296
12.910179397606717,77.68541704124918
12.945983335923241,77.6742346937399
12.957096316574612,77.6343093764114
12.880901289183852,77.73886982434927
12.916084753765347,77.69186102899188
12.933331745893934,77.70518989823641
12.97845296879665,77.62345036771708
12.950433046098237,77.57163929736855
12.958317153613734,77.72726349008893
12.888927802873239,77.68509210691633
12.98200563318201,77.59705521573404
12.896023511225852,77.66446912206798
12.94900348828518,77.64966525796198
12.908260080612026,77.69735427182292
12.886364000655306,77.67064496105313
12.880516049834839,77.6561524379876
12.960185653604324,77.5983246486687
12.925672142546208,77.58420204548544
12.9139679807707,77.7204002056837
12.910758734413813,77.62399288171704
12.886510782999409,77.59995442817603
12.945721371701547,77.6590179917663
12.975625574052032,77.64454350249471
12.908569298798001,77.68175079072455
12.890089110589047,77.63782348039453
12.88934871805109,77.67165571082032
12.950115495884614,77.67348842504987
12.92959864836903,77.6194312471857
12.891614221722888,77.58754279985641
12.914970520789904,77.68824781244008
12.927481583587978,77.61056958396058
12.980920343633654,77.64456128555067
12.951880261536633,77.70663158337958
12.945760336401285,77.57370757893204
12.883055825595113,77.58176449559107
12.971835466099675,77.62116163786901
12.933162381031716,77.61691727918914
12.975584158380732,77.65887575765979
12.9483160215783,77.67778082065522
12.949168606829685,77.64829837018367
12.894063506382007,77.58296404437839
12.963916191551608,77.57634456926166
12.896323502845,77.61213019492719
12.905328223548638,77.59789672275201
12.92381934377265,77.6823142720562
12.916334114442705,77.63056045159013
12.958517596638575,77.71288226208698
12.888094285288007,77.66225138588851
12.989569719262592,77.6817498797464
12.966946473023063,77.66447715584444
12.934901191738007,77.61817731220631
12.887192021461647,77.604671662934
12.941979235959703,77.71189522150786
12.933214394242261,77.6516296954103
12.987798953028772,77.70215374673077
12.986296806525555,77.74823151571682
12.934101085792259,77.58859631341701
12.910931441596855,77.6586053038761
12.964290434919347,77.58328208984088
12.904728041520634,77.6323821358267
12.980469147836342,77.59107346052546
12.890964732240251,77.63150765608124
12.913927403312034,77.58599952272304
12.891982389139008,77.71018305529809
12.943683052890647,77.67266328182119
12.905413508415403,77.70312745016052
12.921320020570892,77.6163137409948
12.939155466217143,77.6051141432064
12.895925490241803,77.71213011784309
12.889546553201383,77.58724228790052
12.955804484451331,77.66993073186136
12.905461398780568,77.67838606198164
12.976501755705534,77.67562501975998
12.941382532500231,77.71049998725104
12.914881806155956,77.70108613843541
12.946525517533713,77.5930837718736
12.915864319427076,77.72498506240092
12.98261023010845,77.64295176757531
12.919644596793468,77.70001816696042
12.971240284863446,77.7350756806553
12.956218030660052,77.62301747759524
12.902837254925355,77.67297741263242
12.92907655491271,77.73966413900976
12.976436096008186,77.61667578274918
12.897866454152243,77.71035351564612
12.8892287567168,77.57938326579634
12.896030661780642,77.70214360965977
12.923317679159192,77.71718616098151
12.925183914828363,77.6922333356045
12.915153486694885,77.6170322120101
12.945197786396461,77.57477874090982
12.89955055534315,77.67430838051334
12.921183034973026,77.74023983217008
12.88262056418435,77.59790643836703
12.908441939483767,77.64985647266327
12.950152571513964,77.68635911159848
12.948433967448816,77.64426656612633
12.980818547032975,77.62148096069502
12.981018402923667,77.61600093948812
12.97834269522089,77.59868891012967
12.977922863492022,77.66256344254109
12.972381379426574,77.598241330234
12.931836904652938,77.69389031840005
12.889861154037323,77.65804940549177
12.901433390173505,77.63603784530656
12.961636845880479,77.5741912983883
12.97413209914472,77.69822426577134
12.96622371466922,77.60630398322203
12.906968750487508,77.69012609949235
12.949976907252069,77.64480045380932
12.986468985842826,77.57356643017961
12.935552196090903,77.59835911035366
12.923231732836356,77.68760612044541
12.903042473648245,77.7180648294808
12.976858897903378,77.68802533464694
12.959347665432897,77.62933638682007
12.925192536276656,77.59350510605833
12.926387229650748,77.58588202039608
12.936548950900704,77.609537745906
12.936441719085462,77.69402323633278
12.885128772828244,77.66009816790117
12.940930119870952,77.70811456897108
12.9496342765849,77.68607204788911
12.9163305927399,77.61309074361456
12.899103218102,77.65378935429477
12.972844114180528,77.71520417094976
12.91240882409113,77.61641497989312
12.889049180081853,77.6396050852998
12.88240124500209,77.65300955329205
12.97030819977425,77.57875528897651
12.920408085240625,77.73473400156259
12.948505200362764,77.63752182489314
12.915530872636705,77.6885265057323
12.925446845021204,77.57586320786349
12.95466403214376,77.62930869410769
12.954638591106585,77.66437979520278
12.986589196466511,77.73950427990114
12.972812570788589,77.67773731841287
12.88170250991689,77.73001479458215
12.944618636349473,77.6609911352864
12.967332428867172,77.57877479117742
12.89540601457685,77.72370165091007
12.974160482620743,77.6169550686981
12.9280186151969,77.60335445029206
12.921414412359333,77.67614539081596
12.898766251626354,77.58754215305116
12.92852939985835,77.67004553035119
12.892811933306781,77.73546662287849
12.944695123624586,77.70305882588035
12.94111288291901,77.7107004559474
12.964735587604629,77.70721869263089
12.953077294484675,77.63682607372384
12.983679134287897,77.62845401738086
12.985198625395817,77.69116695642421
12.96827405454347,77.73203155746207
12.948504514845169,77.72601492979229
12.944830318691583,77.61107219541552
12.96142761678084,77.70084358305648
12.912947332803798,77.66341386992399
12.974632213319776,77.66792425862523
12.988447042286113,77.71566956546707
12.966928898262978,77.69673723641422
12.919925312381906,77.64208763046909
12.887748684513948,77.67219360437772
12.967700215718981,77.68684529025434
12.930689938612511,77.73583462504915
12.914066924704647,77.70357339395234
12.901286377239124,77.66631053893484
12.940649890098706,77.63436418656065
12.98747092960327,77.62529380438338
12.911136134492743,77.62357525351149
12.934981437004692,77.70946877483075
12.947484535371448,77.6931561474233
12.93629960021268,77.69723228560417
12.935107609077011,77.74637794773366
12.894180013320797,77.67162285592876
12.97805527130006,77.66100986915316
12.980435624189122,77.66870203817501
12.880865587700793,77.60111663596612
12.965036077774897,77.60548628947657
12.953426014973775,77.6305976921093
12.968181338297557,77.66820561253168
12.966523078769608,77.70474608298693
12.982362347930126,77.63235125554306
12.971163836145497,77.7494545533846
12.901350576693835,77.7167264097777
12.900077942897605,77.70367063880815
12.896068697483122,77.74117458054955
12.905656619622931,77.59451182712601
12.895951728533035,77.70388491981369
12.958611263400154,77.69172004431705
12.98933013587163,77.68369106270315
12.897278862398858,77.69247138710897
12.965472831688526,77.59616467243427
12.95635637450545,77.58833206253878
12.957365774836674,77.57235207043288
12.955465346987756,77.70365896533731
12.906765301401814,77.61805971966974
12.936966835786642,77.57781724113065
12.976529970658586,77.64912152967804
12.954703086474204,77.69428777879843
12.965187369630172,77.63954501299554
12.91453328892791,77.6149217316821
12.908359341273346,77.69884218258849
12.933249048612309,77.61768184641714
12.89416336666655,77.74244088200973
12.888690651536418,77.64697005479562
12.975604437652647,77.65558446225792
12.944943831144236,77.58973577461181
12.912599073502784,77.71998194419345
12.987877869895135,77.57619272899713
12.894381235060676,77.74066845058226
12.925810218802958,77.6207866869533
12.916693353905702,77.5791314892913
12.891429085935457,77.71870702705715
12.891414695317822,77.63883352582356
12.925222651925065,77.6596216225352
12.931699428847242,77.6090009342134
12.9294001441505,77.64129441540254
12.930932721394925,77.6499390862102
12.893580370622619,77.67579343900321
12.985465881167215,77.69888843153429
12.963020095388742,77.70385167132432
12.910414739468266,77.73765403304817
12.984363885274202,77.67350741378105
12.934928533074793,77.63682720006778
12.941529289469214,77.59946078469508
12.922077169863552,77.74921973848325
12.883835083748567,77.62002540872388
12.935266041660906,77.68425662563517
12.94653303356866,77.72317187187426
12.893554600530928,77.70896738954572
12.891431397321716,77.65723604166122
12.962718299199768,77.5898428692807
12.94905537663518,77.65518300043252
12.967021035193305,77.73433952605353
12.909209891530262,77.72545976424885
12.966588155736751,77.68386471410213
12.943859986593758,77.67471941571351
12.954271976159264,77.63093138049267
12.986880583778515,77.61593011217589
12.926826647063898,77.69660571784983
12.981422868564497,77.58444035232121
12.915065771844162,77.72963035710573
12.965474609151668,77.72074253512851
12.977457081211268,77.72503203498877
12.914595366275146,77.6024269356925
12.891535631115127,77.6991469658922
12.928070679989018,77.69842635271912
12.980434224052635,77.60358392173119
12.915328332406387,77.58334061984512
12.946249719572062,77.71509160754377
12.887227596457546,77.69267720223591
12.936459270579087,77.63610845794275
12.930641542630145,77.61264326144335
12.953160288402053,77.63981447654312
12.979183415206055,77.60034984066452
12.944035302068018,77.65822026129278
12.92190415203027,77.6294650629161
12.96260752007628,77.70741601252949
12.93236488046053,77.60569679747013
12.925414751937389,77.74162568684146
12.925813430580956,77.57864748705506
12.895505665182673,77.59120481998495
12.933831122526207,77.70104400532857
12.885438100362244,77.71899101262392
12.908520561461245,77.68685847474693
12.904284909484444,77.67969994610506
12.91615089437738,77.61187527196589
12.889227804230197,77.5915409999723
12.962685528894923,77.65427878584721
12.939512807528276,77.63671526514285
12.939475568934112,77.71806167027277
12.915510977651579,77.65271360885028
12.914179352374596,77.66890577218179
12.925690687688796,77.64299084182049
12.932513973031421,77.74306842260442
12.934275820821387,77.68749827312345
12.90164713210177,77.72648105809995
12.936639764534307,77.708525689284
12.966262316516037,77.732480415533
12.931252192660647,77.69563458746718
12.92460970194794,77.66451461335153
12.94592320824831,77.62154504690105
12.909618047266664,77.62581017150903
12.884925275816132,77.72145733828637
12.985118248193116,77.60019949501235
12.954474252170593,77.67965704238746
12.9774909641844,77.61549653421916
12.900738426845844,77.71095067026103
12.884876044545601,77.6801210330002
12.952043542276229,77.57783894381436
12.93400232619071,77.58980112235807
12.944465200077323,77.66136455466585
12.978199087399407,77.6579332475671
12.895097960855926,77.68602879501574
12.969355216164503,77.58565382498585
12.886630964252651,77.59182073628085
12.969859174727116,77.66534422630117
12.940976196834015,77.66469782684536
12.883942415482679,77.70644363079529
12.900173770108339,77.66198477237313
12.905947504287717,77.5816684613141
12.979659540165345,77.67377855151568
12.942650403649981,77.60888051234767
12.962374094798614,77.69099656901763
12.931275650051026,77.57685756077723
12.97762537487596,77.58494379030114
12.90404143334847,77.73294279287839
12.8935800770706,77.64785339801449
12.975717648933763,77.58963273402262
12.93901049632398,77.62584467790265
12.89887048310191,77.59543219073876
12.981170623214384,77.65994423244518
12.907161685938984,77.64549208370858
12.955419016622246,77.656226719986
12.978307791742075,77.67059774330208
12.981515956151819,77.67817334619652
12.909418645838809,77.71394014330858
12.937564125911978,77.66012278090852
12.893401898643951,77.69711721021768
12.949168023371604,77.6673052429205
12.94693102689342,77.69235453819515
12.904701089316031,77.68141699997787
12.881293156923155,77.74701206038948
12.957669173407202,77.72605300897723
12.97456744533421,77.67177760739692
12.974433612265202,77.62886044283829
12.939007669316155,77.68877432704247
12.928631882456223,77.73172444915815
12.911359500305371,77.71722418426128
12.934048037594959,77.64825808919306
12.962299819122997,77.580080333611
12.881792037196863,77.7194158804915
12.948406288564174,77.68390391730892
12.936249241153572,77.62657150640294
12.983332789394215,77.71010416457545
12.950817599326463,77.64115708498207
12.954897840955658,77.66552592641565
12.987534233955474,77.74443531584863
12.893182803051852,77.68549392179497
12.912811882226997,77.69027903885751
12.905739002909188,77.68879307024282
12.882739740593637,77.57808997293341
12.959863017142593,77.74303060264553
12.909130977640904,77.60997833458323
12.888673362365989,77.58443124337747
12.971011744314653,77.66386769842441
12.908890028813463,77.74059440103598
12.959455468734395,77.57137443408703
12.913724072343628,77.74443396274017
12.940735814200629,77.5961449435931
12.94957740430321,77.7382686763352
12.942959989183311,77.66984659309843
12.899227226026323,77.69000657746919
12.95765429746108,77.67753695165293
12.9288287115671,77.7091813690611
12.934927844716732,77.67228957800914
12.920798806265527,77.57980550636469
12.910305474251173,77.74869684315092
12.937486723651462,77.61688805578952
12.969265045766711,77.60229472856297
12.935328412245513,77.59985106855723
12.944135192053077,77.58102535915995
12.940328919435421,77.6646655267974
12.968625886133076,77.58682675603673
12.923211971394158,77.63758169126828
12.930172413108922,77.62396157054928
12.88853810738911,77.68308317759218
12.95678444103691,77.6133457704
12.881664513203875,77.59310648863587
12.887849594642356,77.66340845555733
12.974479801722296,77.60257867663202
12.900570483626609,77.58278006513963
12.898887149074202,77.62164653085026
12.927978436972897,77.66513239027725
12.93414072209086,77.57945102152736
12.986455231417244,77.73607498842996
12.966731657489078,77.6905329981638
12.923752838306573,77.68713523915582
12.972813624332655,77.65199980036633
12.922377513763092,77.65321180238494
12.972930028536592,77.6628267329437
12.906819493027896,77.5748794835857
12.885988011831289,77.60845486361805
12.902754736395922,77.6292107074671
12.987724567628367,77.72015359975575
12.931682025829204,77.68822828907732
12.953178929229198,77.65614621389838
12.89799672059554,77.7100326841127
12.904455221232926,77.6986963988066
12.94861914586478,77.7317840259528
12.947688894817345,77.6076234613575
12.907720191854425,77.70527584637951
12.962768903607769,77.57191703339855
12.890930335215128,77.62228966098732
12.976742873740886,77.71399940214194
12.89014999881575,77.74407064150307
12.920033320122283,77.6124748320532
12.926113715647066,77.62585124736972
12.968208634148828,77.70287294380756
12.957187692257659,77.57009066026906
12.910555472101766,77.57870163600327
12.989451862310906,77.57125819924137
12.96735430512328,77.60437773568762
12.908262461188443,77.73961101065885
12.91444078371035,77.62762590966753
12.8832925375682,77.74273348518017
12.894889541077813,77.68617516414736
12.953673207604211,77.66571526393302
12.93939634675893,77.62149692036188
12.931089083654115,77.57215377128857
12.948397984766961,77.60504681340888
12.94860718099292,77.72589437823703
12.923600229543194,77.70401430228671
12.884923292491123,77.65680151407109
12.941085351555015,77.64569050875235
12.89018478820699,77.65815253213407
12.939531218442575,77.5781311023936
12.899036931710928,77.66351762859433
12.979490715549282,77.72065554199807
12.889662275924687,77.68184433848836
12.948449803781822,77.58681996205593
12.904663131492846,77.66745897893486
12.95581172010491,77.60315004075841
12.901243252649984,77.723709564033
12.966060188549124,77.73925314911051
12.98861728456725,77.73488680435432
12.92690517018761,77.61722140532657
12.925176677708997,77.74186963717082
12.945232048417488,77.67510175522592
12.980507683588296,77.60585101327241
12.961997244635377,77.6550329922966
12.95584960075902,77.64630603891077
12.901747711908529,77.72644908105605
12.967796235504755,77.69606826210762
12.959255633118936,77.5927150185546
12.897097389732266,77.71437240901518
12.937193934881751,77.63686102135024
12.93099979848254,77.63005428121889
12.92793367813878,77.60469561090929
12.962203979878076,77.60845035060393
12.948256571169326,77.62148095358778
12.971712180285525,77.6297850142298
12.882712897509418,77.67419293194064
12.962019789603977,77.74367717200099
12.94988702627193,77.68378135108509
12.966522886827672,77.71862117918997
12.966071799955552,77.63535627955861
12.92407105296101,77.57627579605831
12.98202055449247,77.65576363971181
12.98130733341927,77.61796118390264
12.94092170277952,77.62883300077459
12.912114718103943,77.71894984934757
12.90338238034861,77.74755110077079
12.908121657403647,77.68665014316835
12.951184490860296,77.7386628279046
12.931430363744562,77.74960409958203
12.886843069836372,77.71418807388632
12.962341287838939,77.61932073854227
12.938329168499541,77.60944477550751
12.989772038942144,77.60358663919004
12.958087144315002,77.59250193977694
12.936319671127492,77.62107718394869
12.914556306874694,77.6643719149484
12.939106033785901,77.6718169810378
12.912842338034997,77.70732031217737
12.989577645149108,77.748994746948
12.971812465535098,77.59772794128814
12.88635943136908,77.7487647137672
12.88128612187058,77.6667413635427
12.954243875867983,77.74695735936596
12.985174877449689,77.57308128565327
12.93354916405063,77.60439647504568
12.888156780214588,77.74315698730815
12.930853515955809,77.68412175049166
12.94944200707841,77.63033895224827
12.922397243685086,77.7176531228353
12.907472584055744,77.74750525887387
12.887906022731343,77.74336452677646
12.94911305813876,77.72516399641889
12.880939872409837,77.7406436212707
12.880911663078813,77.74359411001083
12.919483219477799,77.7241677578599
12.939453396901595,77.74177340278717
12.891864199269143,77.70884938831212
12.931732118521545,77.57119841692815
12.977993280758007,77.64977076663546
12.890728764463498,77.62848091753793
12.911841402232493,77.63827919794004
12.902273848002395,77.60196025526895
12.893853594463149,77.7246992172526
12.92673757523913,77.68413251456508
12.96067445500146,77.73029155363365
12.885468545424938,77.60533804215841
12.926252538920462,77.64737150002085
12.972329059997447,77.66788949977783
12.939689451395198,77.65671603463278
12.976865846211066,77.74645862765554
12.91414939143583,77.64474306793491
12.938768349687699,77.60301268388916
12.951085794273093,77.58136837662953
12.98458349697289,77.64784147004113
12.931639393142394,77.58774132759807
12.931562286789795,77.63499907845718
12.932081884224552,77.63192593667684
12.899055090305472,77.69131725732754
12.985651738403934,77.71258681164929
12.956230746566646,77.63356787667055
12.926650480890567,77.58305144816616
12.910284428959399,77.68134561400935
12.98100408829483,77.60248497620002
12.969973558095758,77.713171996961
12.97712995168879,77.6052440007706
12.955675729706794,77.61418649963332
12.902387459055053,77.62271999553823
12.971831942552344,77.66087404970155
12.914016572132713,77.65766772366717
12.889280236185792,77.65428939318717
12.9889076839747,77.74716494651162
12.93899079199987,77.70225862945038
12.95238245101953,77.6377571360074
12.911980848173515,77.630890679435
12.963575264547469,77.63043335754482
12.927204505298484,77.71040403422921
12.893177842641968,77.72328771081303
12.971340024998323,77.70804255519425
12.930262527012218,77.5979795955151
12.93298330914719,77.73552677881416
12.935956597867142,77.59646556831687
12.983295985940751,77.74077256689078
12.970207685941746,77.67370540561078
12.92477680092866,77.60945789457364
12.904987317440865,77.60489830061456
12.977999227761696,77.71903380628987
12.973483317665433,77.72658811087507
12.889994974491572,77.74460895100444
12.929595440075616,77.67327272106759
12.961153429941753,77.64076064700679
12.942625009079148,77.67900078967388
12.97027863878892,77.62870120514222
12.973875152561329,77.61371638462626
12.935775786560122,77.62931679671388
12.919625140256137,77.70106550807995
12.924879592761082,77.65507835654654
12.932375452582693,77.60357683240115
12.917349763239377,77.57274737100785
12.978147187540051,77.73404204776791
12.98943064869276,77.5887926177822
12.920033138966385,77.65279435983862
12.88066107875084,77.6178570449082
12.916436766683514,77.6172131493932
12.964179491391214,77.60109134616897
12.988339725459038,77.61049392511745
12.97681734347773,77.72647084611948
12.953113762828245,77.58679368356077
12.898305929554919,77.70640689872346
12.941707148123232,77.61645514295272
12.916297885311959,77.7234915414348
12.923441570836424,77.63842825894511
12.982250067058999,77.73868384068331
12.88429313574139,77.72590264735986
12.915452100505487,77.63701577319875
12.941038488846875,77.69592855448805
12.895676152110235,77.67484751938785
12.917882375916223,77.69445731087912
12.91348679398195,77.58378693394422
12.98188342553366,77.64850472316024
12.937209622352476,77.59866480137192
12.964251236467307,77.57844485319822
12.97140713104273,77.6329586887452
12.939139823504952,77.57380857065712
12.94337086103483,77.70564180087028
12.963762643757867,77.63605842890746
12.977596213511822,77.62301978206796
12.88431132907238,77.649122797039
12.96685138742586,77.62373598012509
12.930641887668253,77.6155311099627
12.927739472523236,77.68197113589699
12.929000581994023,77.71728270155849
12.983318575290564,77.69680005052285
12.967792661416297,77.69021880871364
12.926530221136618,77.66376982645977
12.973492492509008,77.57403104470386
12.944193041989658,77.74877384026917
12.968460175017341,77.62872038375457
12.96509512333643,77.62513741540945
12.91510687127453,77.57044435122903
12.915698291657296,77.73478531499268
12.952783057122177,77.66380675187837
12.966210428778405,77.60365155748542
12.97700145790127,77.6051448897596
12.978323972614962,77.66532054182923
12.97964490442493,77.66734344602865
12.96132986773134,77.73361785180425
12.943895571307312,77.57506017864286
12.943393619759707,77.59511333824499
12.978000963861597,77.62214076357208
12.920517191516266,77.71409550171167
12.955199306691119,77.74282986233605
12.940552462716344,77.60130770420933
12.902820898122428,77.73338839394555
12.97311431666661,77.69112758128836
12.892847641543662,77.67453785307868
12.97601369859387,77.59386269644678
12.943965944669166,77.65654606579076
12.91625930067221,77.58240011501454
12.980115834806796,77.63020741128028
12.937651757447814,77.7149651232443
12.960688615395128,77.65782417302478
12.95249431379869,77.69281363963698
12.986973722058599,77.69276274176126
12.926554341476225,77.6105609707782
12.984177065844206,77.66744262311936
12.953958929127806,77.58840277251139
12.935759539404273,77.72161558866992
12.987215642072064,77.61179609618577
12.91735951258398,77.63412199374704
12.946920748084452,77.62260094550535
12.939490106318065,77.60079307700063
12.964454015134383,77.63202161143262
12.947873655870623,77.66997913872991
12.881595552832742,77.58027391311114
12.936886195305997,77.70606538284595
12.968572718150167,77.65842044931026
12.937088699514158,77.68121765313167
12.977966113248376,77.69269561337477
12.979046757948023,77.6420969579951
12.908742878474708,77.58268398272558
12.901340805930104,77.59590506041279
12.911595663329962,77.5951850702126
12.88570088383882,77.6559063873607
12.97176826302011,77.74826469983041
12.898690260865639,77.59503189077577
12.988823033470512,77.64936399046994
12.91441726121114,77.72470516517535
12.978156552330718,77.64840332839418
12.893610316403722,77.58453002250846
12.885777265130132,77.57943210819262
12.90897991953598,77.6281469444688
12.982901366107738,77.72840560088171
12.940396653741692,77.58527767727469
12.96951320089426,77.74404420712202
12.88521946385644,77.63249442277382
12.897808207376563,77.73650668680969
12.97935913371058,77.6570013643755
12.88290035603358,77.69086638144316
12.88323628232524,77.57478922633288
12.881877731572233,77.61899889450007
12.902443590025294,77.5892848358438
12.966250726794243,77.66846703352203
12.890957325787456,77.72308888134019
12.982011337362376,77.57463097032723
12.971955141719256,77.5898237464671
12.957942730326094,77.69922749267448
12.907970375850487,77.69908801695038
12.884023665497487,77.66407512020898
12.913006884486858,77.64184574948106
12.938889239293879,77.59093121089286
12.899576372338094,77.68090812529735
12.986586850923487,77.62974908394432
12.894001805695932,77.58882636721815
12.893558904414231,77.64943953714096
12.977263688499852,77.57202006324204
12.913133840290934,77.65980588171085
12.94159930602762,77.59388288851356
12.922518506186643,77.67912132666505
12.908052146087066,77.6892244026296
12.977623440775144,77.61528061217393
12.880503850889246,77.6770507185494
12.975912202688669,77.68099955548817
12.904855143343031,77.63904478036426
12.940063107340235,77.73063248028005
12.88919444321779,77.66769883109275
12.911720160736802,77.65414216058332
12.955345488437034,77.59211710371252
12.954774735115892,77.6917634302912
12.908393900851813,77.58223727045619
12.937111378460372,77.61094358927602
12.965530016920392,77.63662448401453
12.892921214705138,77.5810956885093
12.96104335439378,77.61411745675211
12.972909158137941,77.61113487819343
12.97918141380115,77.63498139070279
12.947547831515703,77.57355602033802
12.931027319444874,77.62357389046234
12.980744593401885,77.57000554391769
12.929092246404085,77.71833269367355
12.987051005855118,77.61225501746816
12.94117821726849,77.69927993875626
12.967002395204275,77.6469915400514
12.930522097668169,77.64262280096736
12.966819745495753,77.6728779994643
12.923399463491023,77.70493702081083
12.938458819734873,77.73779599320781
12.943831909681718,77.68891973586238
12.91979106297921,77.65349196241489
12.983075392172218,77.65767012067273
12.984781743484026,77.6184882536987
12.923861314593642,77.71718598258136
12.930873169631909,77.73025269199724
12.883738431784908,77.69144121561135
12.943031394636648,77.58908431270032
12.889487517336523,77.72657020403756
12.902707005054612,77.72205961073504
12.975725052905615,77.5822628499438
12.929828918295264,77.60092972983
12.972865652869942,77.59193996788056
12.889617180468772,77.64587885320383
12.938634697427815,77.66605167692856
12.981298802797578,77.64105374304339
12.894222369298314,77.66914612278431
12.90975670307171,77.68262195230025
12.928842644141543,77.69890675468223
12.95216647067708,77.68735110048505
12.890680116660562,77.72829542146246
12.96363340793461,77.70289158790902
12.92887562131941,77.58850188400156
12.975397551105655,77.60194130697104
12.937565587133502,77.57216048497104
12.944211623386188,77.7013338360252
12.903424238740314,77.70627330139703
12.95884333392667,77.6666582133627
12.970968994511153,77.73087373913523
12.921789148897476,77.69816956914399
12.925788839157493,77.70551523512947
12.906410850516492,77.73286028079663
12.969117501000692,77.6701012781285
12.898254978796622,77.73937329152787
12.971129899960735,77.60124087410175
12.905077505683177,77.5796347253841
12.958329477491723,77.63613697051056
12.954930309161803,77.62748346285366
12.912353608884793,77.65035749507453
12.917619545152277,77.69751772162843
12.931246214523837,77.69431004350133
12.912609640202902,77.70447360909542
12.934406166881098,77.62538272639395
12.964501610077017,77.67548777936204
12.894999121909116,77.62031424480962
12.92183341167254,77.62127706952896
12.904126340652377,77.59020175897327
12.90288799296687,77.62203824765017
12.904379014936868,77.72554492740886
12.948734907748982,77.59213897016201
12.88049155620567,77.69528256121698
12.954022748375262,77.71670712889731
12.958686890927577,77.58248841396909
12.937045583120478,77.70669140038076
12.952960268979634,77.70679531775562
12.953268675018322,77.65169410960652
12.956442952918394,77.62015373574819
12.921635028765085,77.72429379047901
12.952499782337087,77.67260203487218
12.981714812418323,77.69165288783695
12.936812040152732,77.65702045279362
12.897543149129728,77.74072245930326
12.930489908348378,77.69573901910486
12.963428383765232,77.7265413275742
12.88643341592854,77.57812429909822
12.976929817324734,77.5999917405801
12.891970830216913,77.58524446809137
12.920246853548573,77.69023179185395
12.977738548500477,77.58001512807927
12.981141568219604,77.6152546027137
12.900754948448114,77.64035390483949
12.918222980810587,77.57267409415027
12.912770174447216,77.73752183266163
12.94805691717635,77.72676679973577
12.947670238697592,77.72379599241262
12.966302112120404,77.58919076035009
12.96747709528344,77.6435098054806
12.913123473749494,77.64871331845112
12.948854562773652,77.58410539034165
12.891262221009077,77.62703904641184
12.963287578182602,77.7129124527712
12.895939430106386,77.70708990358516
12.962194707370385,77.60814588833868
12.904016334340746,77.7403304571575
12.910103898294333,77.66077235876782
12.98601872789599,77.63245464936064
12.948886980118125,77.63645331992801
12.97289852621048,77.6674984054548
12.901309586495573,77.62115724574464
12.904378810226657,77.65208380341937
12.956122667620253,77.74439471571758
12.985172172300002,77.65099674424977
12.945703224465513,77.609382134388
12.892919348670407,77.57551012978448
12.88967672997353,77.5870169062267
12.980036658274553,77.68327511882818
12.899553116791566,77.73888452597136
12.960497994948847,77.67520678400945
12.961345337014917,77.72254381054572
12.882381116780929,77.6361563818223
12.943716086607985,77.62524611394505
12.956542316996357,77.73771496062402
12.958019929826293,77.74277399501824
12.90523814073421,77.61114000324902
12.971715515617891,77.72439158641623
12.955171339310956,77.7122656432204
12.980738856866719,77.64980512876046
12.930309226182477,77.69321155577865
12.98131335675078,77.65617414861286
12.940859345657705,77.69136897969364
12.911875734064488,77.58846334795129
12.893631321966268,77.70868287284372
12.973168816256742,77.74030393202206
12.88608825845256,77.65281737257557
12.913988103516752,77.68981156966409
12.898236276562056,77.70425230714133
12.928737183795153,77.68782658303607
12.915528917578973,77.61898724451129
12.888530213596955,77.65982873602492
12.894321655136707,77.63708776079623
12.886848985807488,77.63127522553226
12.89471373476672,77.61347807491425
12.952063885849842,77.7047313991036
12.926234790117475,77.59446807557114
12.915871884226847,77.58079299593078
12.96267514860843,77.71203201794872
12.937585295774918,77.58783519700013
12.907551391000235,77.67732663697544
12.925406673417823,77.58703152958344
12.979064516064701,77.60659053587055
12.885199582609093,77.59235867452198
12.922206195706538,77.6204487973401
12.948659324184685,77.69244968177587
12.928776313703052,77.61364678582139
12.953048346140804,77.60977214024645
12.88308510013885,77.64364111458556
12.98825410020454,77.63873026610385
12.947553232876526,77.61738808075077
12.971011103726513,77.71255911153101
12.895303374619786,77.60161759722556
12.980706865106306,77.68882543136196
12.905068272151837,77.5876736045436
12.973918208942154,77.64088337894586
12.92097399246338,77.68345515798231
12.949828420452748,77.64238503274773
12.89682946720541,77.64960232298363
12.983862516153609,77.61983362578856
12.902825545722372,77.65214339936236
12.962204414770003,77.68738777140061
12.935159590925513,77.7160205280428
12.91108549219578,77.6138427838461
12.987467248877246,77.72062023882022
12.96343575202209,77.72352643794105
12.988473463882857,77.58666845670818
12.900857174104615,77.6466285627216
12.905885528321361,77.6283760747712
12.944484869580183,77.71330669289013
12.916011627674413,77.6073574286643
12.93569422096783,77.74436396929055
12.902263337488922,77.63088867718923
12.963293969352435,77.66061030417563
12.885675087044511,77.73291202622418
12.921659040749892,77.7047105758379
12.954433957463364,77.64995813814765
12.908029488213435,77.60038247596451
12.9482040435103,77.67407054440727
12.940218182266095,77.63597053799064
12.92036501858544,77.69948460769297
12.96715362369804,77.57042411059483
12.902961796869768,77.61035695153757
12.887153122109682,77.61247642549161
12.97338089010486,77.59494327201205
12.892832950301685,77.62424680727206
12.901050972844146,77.69111863793083
12.893009102828474,77.74910031356583
12.959545268082454,77.61672631210322
12.971857165140182,77.60829863869756
12.9172790450981,77.72640811062952
12.951731874559249,77.66402705863572
12.926211321257389,77.64070776025939
12.916732536287348,77.58085723449497
12.918395871137983,77.73782131585183
12.88591591689471,77.57592650309196
12.97439360080938,77.74189351206206
12.958189282085552,77.5851214856196
12.900779344457908,77.59031131208297
12.894652755995123,77.57828055180372
12.920378091469855,77.71280565824237
12.960714291364454,77.66188463931778
12.938330055142348,77.72768555320445
12.94342966560451,77.67075001222844
12.916258391466199,77.71186501397864
12.904443920273499,77.72395388103259
12.928701344936325,77.58764309292201
12.911070797361445,77.67042267322104
12.907904167457023,77.70014994948481
12.88892543407857,77.72385127129724
12.914547592863954,77.74890595213252
12.93902817457305,77.74717687032086
12.97478946834287,77.6991801945644
12.974059964605917,77.70083444297985
12.952287257186843,77.60502628375392
12.976150783106933,77.70321076605809
12.948959076844911,77.61992225559402
12.911862325941318,77.59698819858212
12.901506455113076,77.71255211134292
12.88099611695051,77.65541583182244
12.954922665499264,77.60934097568305
12.980927851681846,77.64027200655838
12.927651701371474,77.73830765683229
12.912824407761391,77.74408253941154
12.954414162443484,77.71898403777371
12.912545335864785,77.71385825079183
12.904930037331372,77.74275706784769
12.900390195664725,77.62351343811372
12.94677449090903,77.6316289662674
12.98048313541405,77.69356484955779
12.89266973826614,77.63926624270799
12.882448188688855,77.5775242460196
12.930326722556005,77.74885522696755
12.898188695619291,77.66121859667751
12.902441542804874,77.72437056149313
12.915797130342952,77.62842855774774
12.902132880850184,77.74361984777356
12.916507459577932,77.72154914444934
12.89052948944307,77.57473817936562
12.95589645857275,77.66615177111997
12.882125597273546,77.7481712814352
12.94073681082205,77.5910370864694
12.941849294512432,77.63017996481597
12.882953759327282,77.62060213148993
12.952086952331397,77.69662003544943
12.91077598836648,77.70510021861054
12.891707288905483,77.67827202405043
12.895058194619525,77.59170959844937
12.913882750476825,77.6590342365915
12.940211190745586,77.72144151105425
12.904214006541293,77.63166525231287
12.906030551487994,77.6920434625785
12.902274293680776,77.57510002735111
12.933262747407632,77.6055924040535
12.970095156122927,77.65216160823385
12.888971235243268,77.6224841412932
12.982125912575198,77.68562395977938
12.883233383763706,77.72915435540604
12.975093461868012,77.73946809830909
12.886213027878476,77.57513634042932
12.933282472499627,77.6463084263776
12.961435920866995,77.69233827780222
12.927005869204509,77.74855136110303
12.970846903951742,77.61319384950063
12.901266606960528,77.59105502877524
12.921210708449415,77.64974440822851
12.897948942369192,77.63723290921432
12.883637871666561,77.58712837301348
12.97725533256334,77.67933100738215
12.976960836726684,77.60538467790084
12.921375940885376,77.66337302788806
12.888431123625836,77.74443753223673
12.88374613261943,77.6135201088027
12.89264718506718,77.70454910651331
12.882848153890546,77.59667001118463
12.942054362517919,77.62416283328389
12.97563309209048,77.61546474927312
12.90044222723257,77.62352000864298
12.967563940672443,77.64057401646657
12.916924148366897,77.70276127272702
12.988510877427574,77.69239497966089
12.88178742004647,77.71576508386497
12.923577398271375,77.70315970112097
12.987669746272816,77.63629619663509
12.972267001288715,77.58237326993651
12.928001430409235,77.72662926874595
12.90578390749766,77.72628849548238
12.887537313404538,77.63846836337076
12.977474945161333,77.70086317059474
12.986462819953807,77.57508155934472
12.976545913112876,77.60275152965781
12.912006088483315,77.58050844133467
12.913577513156888,77.58898014501871
12.945272731590284,77.62167152391253
12.964241247078887,77.72369583905176
12.906778645879623,77.5907114794423
12.889661251315673,77.74113467849696
12.931992151771237,77.72811450934476
12.938873855019354,77.58338795310557
12.920075674821506,77.72931292980661
12.953500664110996,77.64919860023419
12.930696063567272,77.61658420818924
12.888824533111046,77.72397813686533
12.986503982328792,77.74531509896565
12.897480539453374,77.65098205316578
12.971306950326062,77.62105789761615
12.884689361012029,77.68687278976181
12.974945161289144,77.73286644012596
12.987458342311232,77.62398487627146
12.894770280660756,77.72755614934795
12.985798716517818,77.7226303156329
12.887496840100379,77.60341171842941
12.8842393760278,77.73077387646067
12.912675226617958,77.6737221514591
12.896116152344,77.63934221796407
12.934705667413603,77.64848077891001
12.940959971404205,77.59417984008522
12.908717410508164,77.74572494369112
12.925788807518977,77.64412090365128
12.883505903683634,77.72477702781529
12.953213738083706,77.63040959668237
12.932801562917334,77.73852029786076
12.95964339236418,77.65064911158916
12.885630756019065,77.59558551928876
12.890913334345958,77.61660991381324
12.932332271596897,77.71287489548033
12.903278643749866,77.59514511934937
12.970427623873897,77.58519755443494
12.959235846796954,77.73686475177271
12.953467203589152,77.62005080991847
12.91868136416141,77.59281279276318
12.901519354374923,77.72181840610216
12.925309478304376,77.57367751058554
12.95385055762734,77.67002865010828
12.920931641818902,77.7417849450116
12.931678194542272,77.72486186993959
12.939404672595389,77.67937759756481
12.951102110339074,77.69076690178582
12.92748697784538,77.71518509227053
12.887901046927634,77.73827925231083
12.895596307677977,77.65827255813652
12.977059565636674,77.64807189920938
12.945033144295886,77.65932377774232
12.97801653231069,77.68378620778945
12.988092291129078,77.74003662841736
12.898108604146922,77.65696009313376
12.951688048383321,77.68814787542766
12.889488921208681,77.68370762155028
12.939657944410222,77.58505124455726
12.93030621993764,77.67584627810919
12.935741619523998,77.57316818514126
12.887585057320322,77.57815137176699
12.95492879324503,77.62572026572266
12.885170851985734,77.58879138902414
12.947280891148017,77.6543675034385
12.905520079295432,77.73604847603293
12.954106568787722,77.71302694518397
12.958845475370605,77.6784960136921
12.912687523496444,77.71895748179594
12.977996848008209,77.5800306812686
12.933631190948187,77.71717644050756
12.904976088709514,77.69602628741741
12.904511319870949,77.74623184775427
12.935101541559483,77.58957765054295
12.946370175359037,77.65913315184956
12.94001025058396,77.72663680886203
12.927655965915717,77.6707572238776
12.937037554240424,77.71818693922305
12.987537106790434,77.69875933351759
12.893798431479928,77.62244129894974
12.932708627950625,77.68201203933265
12.952130972126476,77.57954035024586
12.988100543069812,77.69054145884114
12.882972267485899,77.63293281656662
12.941626345724893,77.71151250446768
12.913272756059547,77.58933097500466
12.934890396440952,77.59476743774738
12.947102461540135,77.65890102603221
12.894311502500026,77.58844908963343
12.913559585454145,77.69869756633358
12.983541015710149,77.5909196918385
12.903861588509619,77.71288333414775
12.961264312866735,77.65040588119864
12.945753673746088,77.67526780456605
12.89737087199345,77.63304084069328
12.938667031891054,77.73962270861584
12.922182275332256,77.60507119085888
12.918675040575593,77.6675490850372
12.893875285419998,77.6807174404905
12.96312543202761,77.62905373966207
12.94261309498698,77.58327516018468
12.96573010893305,77.68173458215705
12.883734413537534,77.57439327774757
12.883077662425693,77.63012181138936
12.93119905688975,77.61657436792775
12.981976450920031,77.67086562945966
12.894178729063213,77.63598987718639
12.931159306782817,77.5793263865604
12.899467503176393,77.71533253279678
12.965597469155924,77.57473877049824
12.955379341957448,77.63083845692557
12.955938722383264,77.57846002581454
12.906603761906988,77.63727952535758
12.974227346426016,77.7085854410629
12.919951682964944,77.72606448388632
12.929159275947093,77.58231859753968
12.89676286795127,77.70514846910406
12.898530365112313,77.63758739387006
12.917924999636279,77.63873231110529
12.898258960290997,77.61729187037848
12.985191073182659,77.64560054412283
12.900656690662215,77.69678550909046
12.98426093202369,77.70338641498672
12.901466808880247,77.58424511602065
12.941788601813123,77.71889364780097
12.896197289994564,77.61796172000068
12.953530578948026,77.65401233910627
12.886287151061131,77.68748022812196
12.962316654254037,77.68007642042325
12.927679642589801,77.71828984967607
12.927095641644904,77.68841838669023
12.934489354280661,77.68982154898576
12.969515584681197,77.68259377935848
12.949179357624399,77.61666697318451
12.882705823786425,77.64815771302473
12.931746392280441,77.57589646280032
12.897110843456169,77.57539051267585
12.969849666147475,77.72933285209498
12.893678762768902,77.74360831941783
12.968674373874705,77.65118622423259
12.979053759952684,77.67015800126568
12.962115524166848,77.74994670604742
12.895164806574593,77.64575962963855
12.929049773263701,77.64018657345133
12.929932570911884,77.60619121282366
12.905677533541882,77.74928342697389
12.889610121856148,77.73871592819701
12.898104797210019,77.73195634091819
12.96890314700716,77.67502174340702
12.88138955135179,77.57926775233896
12.93520312932371,77.62403935366376
12.915079964061315,77.71467623450197
12.968445765901775,77.72156108746273
12.986843124709477,77.67835716833636
12.937143210867708,77.59086562892517
12.951866176786671,77.63557834344648
12.900848707890992,77.7184116186435
12.924488479982553,77.59473336432659
12.97696378602965,77.73934577982759
12.908374813643514,77.62956239807222
12.924017991776019,77.59319866500016
12.919339284280138,77.6660964162816
12.96226270021675,77.70257544395572
12.977121945914845,77.61586797800207
12.985352695424902,77.67134856772027
12.987587724765248,77.74926709769798
12.890918239236973,77.6504862480299
12.934185222590978,77.71811465172269
12.89987012126838,77.63554626359252
12.91740691121442,77.64010106351527
12.96195276790936,77.57510008280487
12.94144323519102,77.72998131339122
12.900640030562052,77.60653640437573
12.91670097768161,77.61591794143331
12.986063675104413,77.62963614196049
12.911174792572822,77.66745614374109
12.986348358408625,77.57244954901549
12.936332617059211,77.635724819363
12.971261311385788,77.74071994728553
12.9459869586565,77.70079193696145
12.985494583794639,77.63210646339256
12.898593861456973,77.73737485363608
12.988308641747928,77.63876449971085
12.934349927271835,77.73076090624173
12.912992286809414,77.66067601147424
12.920216223908902,77.68856260986752
12.93865961988602,77.71017537774212
12.962162086226876,77.73925088837481
12.986281197108982,77.67818883989003
12.937868638892876,77.7308795183096
12.964698910786177,77.64710595820156
12.941637707758833,77.59822489189386
12.947191238125418,77.62946895252762
12.933681444350068,77.60507523206577
12.928754502372009,77.64638645154164
12.929003736986,77.66381115906563
12.940735897504794,77.64309056230132
12.98491532639386,77.58400539756313
12.93753289988401,77.64301726823977
12.914832901244944,77.58260913514448
12.923323980592054,77.61231353122513
12.978001087423046,77.68666958857547
12.893338338570016,77.60049191883103
12.920045514847192,77.62290090338857
12.92223530700345,77.66231490467881
12.935847179971084,77.61978523572371
12.9610459669006,77.6074388110901
12.944290197310423,77.58915150466159
12.90138200437468,77.57722109905778
12.98279625238801,77.61770555760225
12.903007520207293,77.60112514193256
12.915695061437152,77.72705601755995
12.887215406928172,77.57193572598868
12.960485256314852,77.71185157431248
12.96767184239155,77.61188872699984
12.987167399289273,77.71004521046869
12.989505833322779,77.57780501184128
12.985335768242205,77.67136782925402
12.988866957667616,77.60227417378145
12.984742566524345,77.66053471997667
12.90064539395996,77.67865761890954
12.882195455796849,77.72618632902918
12.947347826365315,77.71661578253286
12.913838918496158,77.73499009812267
12.987698596557891,77.57967087990531
12.957217719176555,77.59154991449303
12.953982296632827,77.67644758692877
12.968216626561254,77.58076029901828
12.906358331443405,77.65996051825046
12.975311319987103,77.59374614830904
12.9627896224122,77.65957948742299
12.88623380005731,77.62772895494396
12.897779780098247,77.6971317583364
12.920845804887666,77.61443947946836
12.94831647373349,77.6390462035996
12.958605748035772,77.66890518615213
12.987985806964131,77.64013109331745
12.92050361983292,77.63893788635562
12.912435457366353,77.74455643313473
12.892188224327594,77.73416631623422
12.965940288933812,77.71530034370724
12.884325285687861,77.58004451460658
12.95741027302456,77.67715170058932
12.97650672736518,77.6093508121936
12.922283724228173,77.70378648611036
12.923673217830096,77.57937914289155
12.913134323282673,77.74022065663983
12.909534269519265,77.61946771764977
12.882960344481656,77.57492488071537
12.949443736406518,77.71207434813083
12.918600535276433,77.60773386380316
12.93497651995726,77.70330314462898
12.941734604598253,77.70285002481023
12.92235862789271,77.6917418040587
12.979926515635738,77.74974108525895
12.888461238224107,77.6467379725554
12.937105104795366,77.66123889191053
12.978969124167623,77.73079113024247
12.91042347011696,77.69006554012606
12.974839713766281,77.65224022791132
12.946971388440186,77.58026661896787
12.930111536225889,77.63881504966488
12.904543423818495,77.59653998149287
12.887455003086492,77.61195272301349
12.964610089819761,77.63713386780334
12.919874116172428,77.6158434321317
12.983094542368164,77.73594391973776
12.907219734605025,77.6543741252573
12.92742677949199,77.61777727953002
12.98245064252959,77.6457389733304
12.908158773614419,77.69946149316263
12.950815453531423,77.68060983418074
12.989488265235963,77.71601983355981
12.93203863082878,77.6863947475465
12.90032136265377,77.63464767934093
12.94617120549732,77.57397544539499
12.935979786006289,77.64158194744792
12.929617030308599,77.60462196282765
12.910332619448031,77.65382212663658
12.95771867943663,77.69514722872846
12.90218790522643,77.61958303568669
12.960173879892,77.73916572319303
12.898056857791083,77.68791180103267
12.978730734053347,77.72302968754974
12.943520253302722,77.59628702819052
12.89055014982615,77.62268417000598
12.917928369169179,77.71013063472404
12.911119944205389,77.7083733305647
12.885872913425947,77.60156061299254
12.938302775452811,77.62127856324635
12.892753081283645,77.62120239895503
12.977140123719451,77.62398397853072
12.94348659876909,77.6167131758305
12.970560008125206,77.66503493527543
12.975939393179083,77.58280529538112
12.96503607923831,77.6894289069076
12.983430622874334,77.62045085451896
12.895702873150853,77.64044619051381
12.959708118797595,77.64313273692923
12.917025263878358,77.66452640006726
12.969769461433268,77.58647656337848
12.939808796291926,77.7158623293666
12.928381144096603,77.63430256475381
12.91199798877011,77.70179374764973
12.887737343916912,77.64525425534774
12.898485740895989,77.71002774657268
12.903292258146758,77.70642971378665
12.939828991126506,77.57997742471677
12.965663400299682,77.68943055204855
12.961711355707374,77.66367051000515
12.92810828261761,77.6050296079382
12.916853612874252,77.59460217914959
12.989824425237423,77.67865787167855
12.9310272046776,77.58445967772927
12.91370355936062,77.60645537704715
12.94489768645468,77.60399700545915
12.962625895574803,77.64674353670964
12.88032946685867,77.69755484702283
12.951212840419695,77.63529150884784
12.898449653855332,77.63909764666516
12.891831573094157,77.74482728408925
12.966380193428908,77.6970834084749
12.957885819627265,77.6635076063682
12.953707546349461,77.58897938302948
12.982659326210017,77.70366249923377
12.902218269220022,77.74622708958589
12.959277874116173,77.66022792486253
12.928151449264947,77.71494922797123
12.982867026405295,77.69229164177497
12.972992238167432,77.64283198659162
12.909498915463496,77.68264786296369
12.964269453410544,77.57610830635583
12.943846850144165,77.57919504021292
12.926311378224353,77.74725541788365
12.923907206155436,77.7064533449438
12.938820985669949,77.66199808960309
12.911261804368502,77.62795621922253
12.922834141359173,77.64064219281512
12.886640005213874,77.57908924580936
12.974194678167049,77.64811827099268
12.90445134303931,77.71363931189629
12.971181303855458,77.71327748778158
12.98138505905173,77.71815143665087
12.911174814235938,77.73028233923182
12.896336347204388,77.57880973452248
12.945212701480642,77.72311871217626
12.944522009186455,77.66779807884724
12.93853752502057,77.5730713077792
12.899309834918808,77.63345654905653
12.950247227899691,77.62333381946858
12.944903348601327,77.67486010066435
12.961530730420172,77.71225842485883
12.956398200468103,77.66022067949557
12.899528591369886,77.62418569233496
12.894439391704205,77.59299598080517
12.895933411553779,77.73992543034751
12.891916166844965,77.58897740548777
12.903884534812374,77.71679027917648
12.952402624163021,77.63157698156759
12.956858784846277,77.70682878492245
12.906543757220314,77.66953021346043
12.912328678976483,77.58553469649001
12.887711052097915,77.58468937044657
12.901759233206894,77.60535341178547
12.95057013982794,77.60882933160225
12.923103921281486,77.5772557041153
12.963078103677068,77.72240171577214
12.91242108571182,77.74700196460068
12.930239894518028,77.69506822265036
12.965259767719905,77.6724845722943
12.98555069992458,77.65586312298461
12.982191487822481,77.59012062942048
12.923112010063818,77.67611492100488
12.953691914769383,77.59547082082429
12.966042595980374,77.61945059374864
12.901591366182044,77.68012643840149
12.916908571903376,77.7467107924482
12.916062897313784,77.63276768627772
12.989714049078408,77.74488524073203
12.938500735393905,77.65791976677495
12.904396220500633,77.6135346833717
12.927869014924367,77.62695381626243
12.900261848424922,77.73113557015485
12.980034407005268,77.67166505397452
12.9314420717756,77.59826763795498
12.98893851438123,77.67677895395349
12.952495373676001,77.66536412253964
12.928662644626174,77.72058494937615
12.987996818577203,77.66725621554272
12.945351628233475,77.5726138597481
12.908348162676125,77.70384957815688
12.903357912185417,77.69204115630801
12.984072532411329,77.57000418402544
12.911912531130266,77.68310647057045
12.975237026352978,77.72512654408953
12.980714871177929,77.7024784020959
12.954282464693335,77.66683730673947
12.958844217142756,77.70287212726795
12.95119738907451,77.70548405666239
12.969972335113832,77.68844580938826
12.95272304673692,77.60576721730284
12.931734700583988,77.58392275128324
12.95051760258588,77.72001059361334
12.903672251617728,77.72324629562763
12.911500686275426,77.67316201744177
12.883677605328687,77.73703539938188
12.934496449119553,77.67224815606951
12.970284797174429,77.73277953547415
12.974451468624686,77.6165221647684
12.882969964194075,77.60853732083923
12.880333460131206,77.57264526142836
12.945538520319026,77.61184731000357
12.9832712534236,77.74812216013169
12.890586057611216,77.6337846927845
12.952240184733544,77.61470189243794
12.908749298630514,77.66973841537829
12.933864946510706,77.60247198304988
12.898669730635863,77.6168327111157
12.926836602780488,77.62865882215254
12.97036557923019,77.65962611148112
12.943497126879173,77.70536696597037
12.971651528630069,77.71383458939
12.927947154063581,77.66178949080813
12.930315162079392,77.69247480313417
12.963286767607068,77.61207589126099
12.982927890938933,77.65802745783468
12.90622164483138,77.58288730178919
12.898926506901955,77.60028841879301
12.93322826880584,77.57599889378687
12.924591473558745,77.59230483450449
12.962663215575912,77.7065579434233
12.96162309884936,77.68401518581372
12.88900494855609,77.66055109828461
12.902268956666274,77.70926093249666
12.911571422072745,77.6393661168134
12.933464249269877,77.59967032748088
12.889699550925812,77.66834784172366
12.988429409233987,77.68261705144448
12.92224955619754,77.59021655224909
12.880656179512318,77.63171162677902
12.929495360571005,77.57250598626561
12.933623871275755,77.63562758870738
12.923954063221817,77.73355201858848
12.921361959227381,77.71430304524277
12.960385339543334,77.61608940396775
12.905084878627672,77.62841280322576
12.933556254382479,77.6419159298818
12.951868772349178,77.63139652560749
12.935375210915518,77.71222504584348
12.962062984347295,77.73773088647398
12.907411551914336,77.62420166564274
12.931529886029574,77.57444303488128
12.892412731387303,77.68678069355688
12.931346187560921,77.6512997650313
12.919901444309216,77.72556385585565
12.970343447105074,77.59476145194769
12.957792989387952,77.70013931972012
12.926878268123994,77.58531511489882
12.97440839822701,77.65904586674804
12.887920418300201,77.72892733500707
12.943013236805076,77.72439145401555
12.90840004852465,77.62847446630524
12.968782041001065,77.57961577074995
12.971596297546206,77.61499452516308
12.883789108483667,77.61899952943898
12.915903106988523,77.61650646226981
12.92770081539467,77.72472538027775
12.966988394056125,77.7245014427144
12.900273108495657,77.72370594561482
12.931638061213794,77.66076109360174
12.96180620561062,77.597678485517
12.919408842423644,77.58196086054558
12.935825499098726,77.68404611908628
12.887709208249372,77.6382976402546
12.916112468599955,77.71547860687947
12.96918448748555,77.7444367245379
12.914099450930795,77.6661050861939
12.93238166721028,77.73976284800052
12.926759722272994,77.71714708774121
12.943220143259124,77.65071799572205
12.90742619722218,77.57070427428472
12.90298034980844,77.57076608910555
12.942450873107123,77.58801040744943
12.891412780668672,77.60927735942994
12.919763050600475,77.71554590037674
12.906957843167048,77.72449671264627
12.917510095204324,77.65234100155581
12.949324263928615,77.58665719012573
12.91075213503987,77.65588789802618
12.981329766928704,77.60579758977798
12.943102325776959,77.74891864782907
12.944048675454447,77.59693963344193
12.945402835125531,77.67382435770658
12.983135344763472,77.60797592001813
12.896066123021862,77.70538291117505
12.954246514561486,77.69296680360395
12.954108861075659,77.72206213813874
12.899207041155968,77.70073161923331
12.916161937974547,77.6289830596606
12.937708348764627,77.66376484097097
12.929599104215407,77.63180250058618
12.896097216278458,77.59105109254212
12.91229885132264,77.66530405026508
12.891420613620134,77.71903682954935
12.924481706987843,77.57149757221163
12.976353063656966,77.68410771210237
12.889111285227397,77.70579563957806
12.953162145785912,77.66253271220754
12.920022556135573,77.61180603813037
12.970119654387583,77.61830772479794
12.928216049055168,77.63391279685379
12.949847554586682,77.74875413862533
12.987245255292919,77.58954354836983
12.953813226458893,77.67365929545498
12.964131307698024,77.64097443911326
12.95969074655194,77.66655219182807
12.889927556056785,77.64212801909174
12.966288816753664,77.5717060746502
12.887961044824335,77.6160509213461
12.88820727247745,77.69669712470444
12.932289300950242,77.63212761613588
12.88221028536434,77.65331691355442
12.976939972282272,77.72820673519891
12.939497752383925,77.59262171663241
12.898676980199221,77.67564600434957
12.948285855650495,77.7339221007813
12.98002785060871,77.59248272929206
12.948757191725232,77.70698926628447
12.949523627381351,77.65765048262394
12.975332734456293,77.72187103310775
12.970737356656661,77.59006841102456
12.968428891167775,77.6181837035037
12.903979582537103,77.62243391078532
12.971970913605897,77.6329850178096
12.90064971284846,77.63762173440874
12.967840109944003,77.6859126701737
12.881401930290737,77.60718723455403
12.963726533044307,77.67593404531435
12.926277189649337,77.60949316804867
12.952714315939968,77.68986837783044
12.963264181960163,77.6109080051877
12.976599947720802,77.5957247499653
12.924385402728568,77.64217160321502
12.884280817977537,77.64101069934668
12.914445142136646,77.71475471831094
12.921711086637705,77.60910177875532
12.927535008817307,77.60684151899584
12.961090291228365,77.6942668424913
12.96848565755639,77.71006161522001
12.975238249360856,77.74190647081831
12.888895316821845,77.65148168335872
12.939193724919384,77.60486911918164
12.94666616700563,77.69800489599272
12.915886590617719,77.73067407271057
12.950189269947181,77.7023254182149
12.926306421982396,77.62773236023297
12.938942232053954,77.697249668745
12.94104255106293,77.68952753316027
12.932114573304,77.60854530007337
12.9700105400757,77.66950803105493
12.948293732341197,77.60297316017568
12.929291408966964,77.66483292669078
12.924985306353888,77.62729587532624
12.93257553316197,77.61353549019454
12.943626120913096,77.70875898915284
12.987616150222467,77.63623271875737
12.928118833018752,77.58981690664277
12.952778960058009,77.61006386721799
12.954979717590067,77.73360394401212
12.963414985507082,77.63040875773844
12.932046842885809,77.64076027312531
12.976006721370151,77.7139387592734
12.977627389859496,77.71913735581747
12.89784446412317,77.63206168288335
12.977802680886803,77.70327167278931
12.882180806703913,77.58727702777685
12.883166029651326,77.62182136846661
12.902992239352754,77.67255576158878
12.953831648781359,77.73621647268855
12.931447213093133,77.69335792333179
12.939735445914929,77.65373883261304
12.970928698327882,77.58089993292523
12.955892260254497,77.74566533955777
12.885218497904312,77.59359118616659
12.985684261209219,77.7416998679029
12.930144359061822,77.65207375366408
12.911337236721735,77.72461902101422
12.94934475661522,77.73819143510678
12.900292757486707,77.67390733411389
12.896052206705184,77.73007580190632
12.963164084026356,77.6378791445338
12.89467412940148,77.7165725084837
12.893205475492097,77.61099164820494
12.917988398556009,77.64064326297996
12.90418147713942,77.7217191353918
12.913593534656156,77.65543221232676
12.90145771578778,77.57175137831415
12.980179237430768,77.66271553069078
12.898029287275632,77.6271353348792
12.98203868020489,77.5904637826541
12.988757834388185,77.73107972325832
12.882336942011364,77.57552901128977
12.905904634303393,77.57131379839038
12.883743697443924,77.62441610728956
12.938334096012353,77.60867386990643
12.979203275544801,77.71498983150461
12.987256295556193,77.59934154399467
12.905365209260117,77.73341965732885
12.90543250166048,77.68341186297008
12.961080717348633,77.64118918208338
12.906405635631051,77.61004946368352
12.97828202463796,77.64373787217656
12.9223915951905,77.70113063800856
12.944011705670745,77.57462812656144
12.906521706335596,77.63586787643376
12.945604768345607,77.7046011046285
12.882834944210998,77.6856313688234
12.901739354361618,77.70655118937991
12.947727767897275,77.67368274334345
12.935272257203412,77.67731814969838
12.927823032637805,77.73070044951875
12.942664613188107,77.67923789162738
12.945366722258724,77.72583024131437
12.887682865849674,77.73467228855618
12.92231455275476,77.64315822012563
12.985017653015653,77.71122577261704
12.977072947463963,77.62223187757945
12.981782745009715,77.66265863974873
12.954798260611287,77.6860399342149
12.954668899142101,77.6024095599531
12.943426325790778,77.74623370887217
12.921457772912689,77.700250824017
12.945715991508585,77.72115577025268
12.914035987207658,77.64489488375489
12.960134295304313,77.63734862083871
12.914627745796912,77.66302994629888
12.939041350432637,77.68234879489701
12.883451853391309,77.64301511932469
12.942794294030344,77.60841846834734
12.986325250633861,77.66417081563876
12.944811599144284,77.73252704008307
12.989329187511245,77.64634987860663
12.905335197085677,77.60701487416358
12.921098706004726,77.71176428771419
12.923009194743305,77.73008204648133
12.938306392678024,77.7251508991085
12.95709647799943,77.7095953613493
12.934349961647923,77.58559681314024
12.989982239976243,77.68899288316891
12.960024436530038,77.62614787189592
12.953081454588709,77.6186758973488
12.943699540017105,77.74426608170606
12.952192534435499,77.6473355033837
12.977079296724863,77.58037707094978
12.97934131656644,77.58666589069145
12.9794193407573,77.63577582042262
12.896460348885727,77.6038544920964
12.937076483642189,77.62077817486235
12.973650558087007,77.64666975694514
12.880473093822495,77.59046461394956
12.986319546785852,77.74852107930738
12.985259067715832,77.6751699532788
12.884800845324312,77.71883530744145
12.912081209197886,77.72903803300811
12.925581740784857,77.6493964663345
12.924513683827076,77.7168957241568
12.944269097149256,77.724800121311
12.919969715477396,77.61938180242888
12.917337940767785,77.71696838201417
12.970432724956343,77.7048777060255
12.97919191723356,77.70613242507882
12.947649115631487,77.63292391212485
12.948279878424232,77.71546314823358
12.963300372879937,77.58576058254623
12.92756096372489,77.7103960913101
12.902043061125973,77.6224142006715
12.93218102549729,77.58571382885046
12.95115020931526,77.60332749000514
12.98991674444894,77.60196669658824
12.899089385832735,77.678651885496
12.914380750139552,77.73350046273133
12.934759764474421,77.60111869730949
12.896491273873117,77.65296320390992
12.915684754776604,77.68637878898927
12.933590689451844,77.58443397408763
12.92815234073287,77.62893986372839
12.922636689052293,77.61899295659624
12.968160423458055,77.67341930189869
12.895370161912773,77.71963752313033
12.906423297276774,77.67348395558363
12.88581207462277,77.69656755317902
12.912104872386017,77.7024529495286
12.892384966705714,77.68854246979824
12.921136021300596,77.60189892831224
12.954596915317516,77.61582374784886
12.882185150515303,77.7002165055841
12.925171006382342,77.7324432322608
12.95112916778942,77.70173169935033
12.892787298762183,77.70278138111628
12.984933136874139,77.66091705144449
12.889435690076581,77.70985471912577
12.88681189337537,77.59496995261442
12.951529272790093,77.74716179558011
12.905035765883406,77.57060689400187
12.966679553027301,77.59675305452234
12.974733960050408,77.57431916120454
12.987000197649643,77.6453203881531
12.89645626147094,77.66327598602693
12.8841284648629,77.69410878187009
12.962174478735305,77.61206881745058
12.95577080641335,77.70231407864075
12.957958179163327,77.67979982043201
12.985312338435275,77.67237807674425
12.899421857944485,77.74390367613074
12.979147972593411,77.61306248752616
12.953225846391966,77.64231256870244
12.902172144364627,77.71863363639739
12.933275600771218,77.60288532159814
12.954649558469335,77.61980772962414
12.907075000512007,77.70182448497525
12.888875177035855,77.69052417231686
12.942856497220816,77.61749755402779
12.941901800101874,77.59934143245077
12.944240448053506,77.70759311181304
12.912140584532775,77.64411085017458
12.90532626340384,77.63764252034488
12.905583265296952,77.63390665168511
12.97665536318949,77.61982466767093
12.880390599077371,77.69345402716324
12.919068674356836,77.63899699451215
12.956318386356442,77.6240771579667
12.968884810729156,77.73191688425877
12.934572711912043,77.65316314835417
12.956672708653821,77.67612780155991
12.920545354273486,77.67583163928266
12.966647051423227,77.70131201396018
12.985137135940843,77.65887594812766
12.887294368759026,77.73435278646171
12.899715859323072,77.59875737333809
12.916990301417565,77.59226773121803
12.954352255229187,77.59664331286623
12.888941087074535,77.60311846343951
12.924990452265813,77.58213030941998
12.977362656339448,77.60602924007655
12.885587977428536,77.58399667230805
12.926992533719998,77.62181561124125
12.949201803033986,77.60966828044269
12.952291053857712,77.69921696178594
12.947955759384271,77.6566499867036
12.923172671538078,77.72535353269434
12.889104352013977,77.66084338775882
12.982667411292955,77.68040760674693
12.98789478611506,77.62410704943204
12.893259748631493,77.6138347496297
12.909906758476634,77.61639736788233
12.893626536955413,77.72922378452164
12.931809774460602,77.6409279672792
12.886428525120202,77.72076432750164
12.962586758386585,77.70295567348316
12.89694873025535,77.68897742228921
12.969159145673322,77.73028475497897
12.97991356723457,77.67631461016484
12.89463555779814,77.59990993046459
12.989677478815702,77.63608052241447
12.960506966032977,77.67757481082661
12.951989650161035,77.63701368342339
12.926437608044365,77.73234747047776
12.987681677002893,77.719860985466
12.9379641224346,77.62247927421353
12.967123823241621,77.62103748951336
12.925135553951675,77.59607783956005
12.977208604202042,77.66019252713875
12.917651107905455,77.67751948759455
12.907439682825158,77.66272775182699
12.918035848925205,77.68688256660597
12.937374475883757,77.70717303971378
12.889079959829905,77.6537321065702
12.977011494597862,77.74527225863106
12.943932111785818,77.70622667701555
12.933493931047254,77.72085491687251
12.939042870012925,77.67409959661337
12.90032585743121,77.57154491779772
12.953983230817025,77.68138762755318
12.964713529217754,77.61814136215965
12.918759584809102,77.58835950897375
12.956310671868819,77.57943268018663
12.982653819574859,77.71639930143185
12.935779881710008,77.66986982655929
12.971280202391759,77.63115960546834
12.952924245439302,77.59599551054917
12.95731795773387,77.57235020306436
12.94468245744227,77.57998755581355
12.904099253419341,77.65600311653218
12.964894118531426,77.7288419759794
12.9632951440824,77.65496179334772
12.965964465392643,77.62972013155665
12.89389908271706,77.68483614754302
12.903750136928993,77.68763758226387
12.963572661300056,77.65972405839922
12.951143560284846,77.66861723531561
12.892733238681334,77.57663947992322
12.9436598678274,77.7208545200851
12.900009746430719,77.6106694576074
12.942070979023175,77.61505656014303
12.925753640159376,77.62949896285218
12.97916046821274,77.71423111325772
12.97018101241132,77.61309911788932
12.893390186224476,77.71145242036498
12.952931064596173,77.7306858659579
12.949015793385463,77.68484036609931
12.93438774589827,77.66477182596415
12.904534255985505,77.66691207526075
12.900625646299451,77.57044273685095
12.889625724499833,77.68833302112587
12.88185294038684,77.6229574705093
12.896299944754816,77.60631518757428
12.980846353844456,77.7169894050456
12.925918479826224,77.57956198505379
12.900334647368407,77.69617494912431
12.974081710407003,77.69381508345649
12.903719844645789,77.57188336487236
